Problem Systems:
Pos:[-11.54750955  88.56578722  63.91973417]
Target:[-11.54680835  88.56572232  63.92090341]

Pos:[ 22.85576386  79.93348196  89.29005606]
Target:[ 22.85566674  79.93325168  89.29006509]
Dist:0.000250087722957